<?xml version="1.0"?>
<opencv_storage>
<icfdetector>
  <model_n_rows>160</model_n_rows>
  <model_n_cols>96</model_n_cols>
  <ftype>icf</ftype>
  <waldboost>
    <waldboost_params>
      <weak_count>100</weak_count>
      <alpha>1.9999999552965164e-02</alpha></waldboost_params>
    <waldboost_stumps>
      <_>
        <threshold>0</threshold>
        <polarity>1</polarity>
        <pos_value>4.8708553314208984e+00</pos_value>
        <neg_value>-2.0852506160736084e-01</neg_value></_>
      <_>
        <threshold>0</threshold>
        <polarity>1</polarity>
        <pos_value>2.4051194190979004e+00</pos_value>
        <neg_value>-5.7240790128707886e-01</neg_value></_>
      <_>
        <threshold>0</threshold>
        <polarity>1</polarity>
        <pos_value>9.9036848545074463e-01</pos_value>
        <neg_value>-7.1381294727325439e-01</neg_value></_>
      <_>
        <threshold>0</threshold>
        <polarity>1</polarity>
        <pos_value>9.9900907278060913e-01</pos_value>
        <neg_value>-5.7582312822341919e-01</neg_value></_>
      <_>
        <threshold>0</threshold>
        <polarity>1</polarity>
        <pos_value>9.7595632076263428e-01</pos_value>
        <neg_value>-6.7651563882827759e-01</neg_value></_>
      <_>
        <threshold>0</threshold>
        <polarity>1</polarity>
        <pos_value>1.0299606323242188e+00</pos_value>
        <neg_value>-5.6745600700378418e-01</neg_value></_>
      <_>
        <threshold>0</threshold>
        <polarity>1</polarity>
        <pos_value>1.1457636356353760e+00</pos_value>
        <neg_value>-5.9267967939376831e-01</neg_value></_>
      <_>
        <threshold>0</threshold>
        <polarity>1</polarity>
        <pos_value>1.0700451135635376e+00</pos_value>
        <neg_value>-6.1716675758361816e-01</neg_value></_>
      <_>
        <threshold>0</threshold>
        <polarity>1</polarity>
        <pos_value>1.1130790710449219e+00</pos_value>
        <neg_value>-5.5510652065277100e-01</neg_value></_>
      <_>
        <threshold>0</threshold>
        <polarity>1</polarity>
        <pos_value>1.2795996665954590e+00</pos_value>
        <neg_value>-5.0890105962753296e-01</neg_value></_>
      <_>
        <threshold>10</threshold>
        <polarity>1</polarity>
        <pos_value>-3.2032139599323273e-02</pos_value>
        <neg_value>4.8769874572753906e+00</neg_value></_>
      <_>
        <threshold>0</threshold>
        <polarity>1</polarity>
        <pos_value>8.9079499244689941e-01</pos_value>
        <neg_value>-7.1371459960937500e-01</neg_value></_>
      <_>
        <threshold>-182</threshold>
        <polarity>1</polarity>
        <pos_value>-9.6982091665267944e-01</pos_value>
        <neg_value>6.7412418127059937e-01</neg_value></_>
      <_>
        <threshold>0</threshold>
        <polarity>1</polarity>
        <pos_value>8.9181172847747803e-01</pos_value>
        <neg_value>-6.9347882270812988e-01</neg_value></_>
      <_>
        <threshold>0</threshold>
        <polarity>1</polarity>
        <pos_value>1.2531470060348511e+00</pos_value>
        <neg_value>-4.7782027721405029e-01</neg_value></_>
      <_>
        <threshold>0</threshold>
        <polarity>1</polarity>
        <pos_value>1.0794982910156250e+00</pos_value>
        <neg_value>-5.7502222061157227e-01</neg_value></_>
      <_>
        <threshold>0</threshold>
        <polarity>1</polarity>
        <pos_value>1.3812731504440308e+00</pos_value>
        <neg_value>-5.0257575511932373e-01</neg_value></_>
      <_>
        <threshold>3532</threshold>
        <polarity>1</polarity>
        <pos_value>1.0615137815475464e+00</pos_value>
        <neg_value>-5.7646024227142334e-01</neg_value></_>
      <_>
        <threshold>0</threshold>
        <polarity>1</polarity>
        <pos_value>1.4491796493530273e+00</pos_value>
        <neg_value>-5.6313705444335938e-01</neg_value></_>
      <_>
        <threshold>0</threshold>
        <polarity>1</polarity>
        <pos_value>1.5549731254577637e+00</pos_value>
        <neg_value>-4.9809673428535461e-01</neg_value></_>
      <_>
        <threshold>9</threshold>
        <polarity>1</polarity>
        <pos_value>-1.0877529382705688e+00</pos_value>
        <neg_value>6.2862658500671387e-01</neg_value></_>
      <_>
        <threshold>0</threshold>
        <polarity>1</polarity>
        <pos_value>9.4348871707916260e-01</pos_value>
        <neg_value>-9.2972195148468018e-01</neg_value></_>
      <_>
        <threshold>0</threshold>
        <polarity>1</polarity>
        <pos_value>9.4843357801437378e-01</pos_value>
        <neg_value>-6.6707921028137207e-01</neg_value></_>
      <_>
        <threshold>0</threshold>
        <polarity>1</polarity>
        <pos_value>1.2091861963272095e+00</pos_value>
        <neg_value>-4.5222759246826172e-01</neg_value></_>
      <_>
        <threshold>0</threshold>
        <polarity>1</polarity>
        <pos_value>1.5343538522720337e+00</pos_value>
        <neg_value>-2.9828593134880066e-01</neg_value></_>
      <_>
        <threshold>0</threshold>
        <polarity>1</polarity>
        <pos_value>1.5577187538146973e+00</pos_value>
        <neg_value>-3.5825338959693909e-01</neg_value></_>
      <_>
        <threshold>40</threshold>
        <polarity>1</polarity>
        <pos_value>-3.8104611635208130e-01</pos_value>
        <neg_value>2.0210888385772705e+00</neg_value></_>
      <_>
        <threshold>0</threshold>
        <polarity>1</polarity>
        <pos_value>3.0211517810821533e+00</pos_value>
        <neg_value>1.0344767570495605e-01</neg_value></_>
      <_>
        <threshold>0</threshold>
        <polarity>1</polarity>
        <pos_value>1.4968218803405762e+00</pos_value>
        <neg_value>-2.8543150424957275e-01</neg_value></_>
      <_>
        <threshold>97</threshold>
        <polarity>1</polarity>
        <pos_value>-6.1391824483871460e-01</pos_value>
        <neg_value>8.9715951681137085e-01</neg_value></_>
      <_>
        <threshold>0</threshold>
        <polarity>1</polarity>
        <pos_value>9.4357615709304810e-01</pos_value>
        <neg_value>-4.8262634873390198e-01</neg_value></_>
      <_>
        <threshold>0</threshold>
        <polarity>1</polarity>
        <pos_value>1.0886957645416260e+00</pos_value>
        <neg_value>-2.2592152655124664e-01</neg_value></_>
      <_>
        <threshold>0</threshold>
        <polarity>1</polarity>
        <pos_value>6.8797379732131958e-01</pos_value>
        <neg_value>-3.5908392071723938e-01</neg_value></_>
      <_>
        <threshold>0</threshold>
        <polarity>1</polarity>
        <pos_value>5.7709914445877075e-01</pos_value>
        <neg_value>-3.9460581541061401e-01</neg_value></_>
      <_>
        <threshold>0</threshold>
        <polarity>1</polarity>
        <pos_value>6.3172364234924316e-01</pos_value>
        <neg_value>-3.1419077515602112e-01</neg_value></_>
      <_>
        <threshold>0</threshold>
        <polarity>1</polarity>
        <pos_value>6.9305586814880371e-01</pos_value>
        <neg_value>4.5050378888845444e-02</neg_value></_>
      <_>
        <threshold>63</threshold>
        <polarity>1</polarity>
        <pos_value>-3.1410083174705505e-01</pos_value>
        <neg_value>6.1232793331146240e-01</neg_value></_>
      <_>
        <threshold>0</threshold>
        <polarity>1</polarity>
        <pos_value>3.2431322336196899e-01</pos_value>
        <neg_value>9.6850991249084473e-02</neg_value></_>
      <_>
        <threshold>0</threshold>
        <polarity>1</polarity>
        <pos_value>2.3253458738327026e-01</pos_value>
        <neg_value>-2.6671176776289940e-02</neg_value></_>
      <_>
        <threshold>0</threshold>
        <polarity>1</polarity>
        <pos_value>1.7545248568058014e-01</pos_value>
        <neg_value>-2.3447328805923462e-01</neg_value></_>
      <_>
        <threshold>0</threshold>
        <polarity>1</polarity>
        <pos_value>1.9313208758831024e-01</pos_value>
        <neg_value>-2.3588201403617859e-01</neg_value></_>
      <_>
