<?xml version="1.0"?>
<opencv_storage>
<icfdetector>
  <model_n_rows>40</model_n_rows>
  <model_n_cols>40</model_n_cols>
  <waldboost>
    <waldboost_params>
      <weak_count>100</weak_count>
      <alpha>1.9999999552965164e-02</alpha></waldboost_params>
    <waldboost_stumps>
      <_>
        <threshold>5322</threshold>
        <polarity>1</polarity>
        <pos_value>2.7423985004425049e+00</pos_value>
        <neg_value>-1.6751660108566284e+00</neg_value></_>
      <_>
        <threshold>798</threshold>
        <polarity>1</polarity>
        <pos_value>1.1354285478591919e+00</pos_value>
        <neg_value>-2.0799465179443359e+00</neg_value></_>
      <_>
        <threshold>39</threshold>
        <polarity>1</polarity>
        <pos_value>1.5671674013137817e+00</pos_value>
        <neg_value>-1.5361787080764771e+00</neg_value></_>
      <_>
        <threshold>901</threshold>
        <polarity>1</polarity>
        <pos_value>1.8888099193572998e+00</pos_value>
        <neg_value>-1.8722530603408813e+00</neg_value></_>
      <_>
        <threshold>-15</threshold>
        <polarity>1</polarity>
        <pos_value>1.8848177194595337e+00</pos_value>
        <neg_value>-1.8763465881347656e+00</neg_value></_>
      <_>
        <threshold>-571</threshold>
        <polarity>1</polarity>
        <pos_value>1.8827623128890991e+00</pos_value>
        <neg_value>-1.8784284591674805e+00</neg_value></_>
      <_>
        <threshold>-1</threshold>
        <polarity>1</polarity>
        <pos_value>1.8817074298858643e+00</pos_value>
        <neg_value>-1.8794901371002197e+00</neg_value></_>
      <_>
        <threshold>67</threshold>
        <polarity>1</polarity>
        <pos_value>2.0837054252624512e+00</pos_value>
        <neg_value>-1.5329058170318604e+00</neg_value></_>
      <_>
        <threshold>2144</threshold>
        <polarity>1</polarity>
        <pos_value>-2.0028126239776611e+00</pos_value>
        <neg_value>1.7185050249099731e+00</neg_value></_>
      <_>
        <threshold>17</threshold>
        <polarity>1</polarity>
        <pos_value>2.0484225749969482e+00</pos_value>
        <neg_value>-1.6261510848999023e+00</neg_value></_>
      <_>
        <threshold>-1649</threshold>
        <polarity>1</polarity>
        <pos_value>1.9774739742279053e+00</pos_value>
        <neg_value>-1.7603342533111572e+00</neg_value></_>
      <_>
        <threshold>1309</threshold>
        <polarity>1</polarity>
        <pos_value>1.9331322908401489e+00</pos_value>
        <neg_value>-1.8218934535980225e+00</neg_value></_>
      <_>
        <threshold>0</threshold>
        <polarity>1</polarity>
        <pos_value>1.9082561731338501e+00</pos_value>
        <neg_value>-1.8513240814208984e+00</neg_value></_>
      <_>
        <threshold>-1259</threshold>
        <polarity>1</polarity>
        <pos_value>1.8949533700942993e+00</pos_value>
        <neg_value>-1.8658225536346436e+00</neg_value></_>
      <_>
        <threshold>247</threshold>
        <polarity>1</polarity>
        <pos_value>1.8879967927932739e+00</pos_value>
        <neg_value>-1.8730922937393188e+00</neg_value></_>
      <_>
        <threshold>-357</threshold>
        <polarity>1</polarity>
        <pos_value>1.8843983411788940e+00</pos_value>
        <neg_value>-1.8767727613449097e+00</neg_value></_>
      <_>
        <threshold>0</threshold>
        <polarity>1</polarity>
        <pos_value>1.8825471401214600e+00</pos_value>
        <neg_value>-1.8786455392837524e+00</neg_value></_>
      <_>
        <threshold>8640</threshold>
        <polarity>1</polarity>
        <pos_value>2.1039977073669434e+00</pos_value>
        <neg_value>-1.4663516283035278e+00</neg_value></_>
      <_>
        <threshold>-2615</threshold>
        <polarity>1</polarity>
        <pos_value>2.0189306735992432e+00</pos_value>
        <neg_value>-1.6887093782424927e+00</neg_value></_>
      <_>
        <threshold>0</threshold>
        <polarity>1</polarity>
        <pos_value>1.9581868648529053e+00</pos_value>
        <neg_value>-1.7887222766876221e+00</neg_value></_>
      <_>
        <threshold>159</threshold>
        <polarity>1</polarity>
        <pos_value>2.1761419773101807e+00</pos_value>
        <neg_value>-1.0607939958572388e+00</neg_value></_>
      <_>
        <threshold>136</threshold>
        <polarity>1</polarity>
        <pos_value>2.0948376655578613e+00</pos_value>
        <neg_value>-1.4978325366973877e+00</neg_value></_>
      <_>
        <threshold>9375</threshold>
        <polarity>1</polarity>
        <pos_value>-2.0114860534667969e+00</pos_value>
        <neg_value>1.7028123140335083e+00</neg_value></_>
      <_>
        <threshold>-968</threshold>
        <polarity>1</polarity>
        <pos_value>2.0589764118194580e+00</pos_value>
        <neg_value>-1.6006950139999390e+00</neg_value></_>
      <_>
        <threshold>5522</threshold>
        <polarity>1</polarity>
        <pos_value>1.9847569465637207e+00</pos_value>
        <neg_value>-1.7488781213760376e+00</neg_value></_>
      <_>
        <threshold>-698</threshold>
        <polarity>1</polarity>
        <pos_value>1.9373903274536133e+00</pos_value>
        <neg_value>-1.8165230751037598e+00</neg_value></_>
      <_>
        <threshold>-3161</threshold>
        <polarity>1</polarity>
        <pos_value>1.9105757474899292e+00</pos_value>
        <neg_value>-1.8487120866775513e+00</neg_value></_>
      <_>
        <threshold>-1192</threshold>
        <polarity>1</polarity>
        <pos_value>1.8961766958236694e+00</pos_value>
        <neg_value>-1.8645223379135132e+00</neg_value></_>
      <_>
        <threshold>-2597</threshold>
        <polarity>1</polarity>
        <pos_value>1.8886322975158691e+00</pos_value>
        <neg_value>-1.8724365234375000e+00</neg_value></_>
      <_>
        <threshold>-525</threshold>
        <polarity>1</polarity>
        <pos_value>1.8847261667251587e+00</pos_value>
        <neg_value>-1.8764396905899048e+00</neg_value></_>
      <_>
        <threshold>-46</threshold>
        <polarity>1</polarity>
        <pos_value>1.8827152252197266e+00</pos_value>
        <neg_value>-1.8784757852554321e+00</neg_value></_>
      <_>
        <threshold>2018</threshold>
        <polarity>1</polarity>
        <pos_value>1.8816832304000854e+00</pos_value>
        <neg_value>-1.8795144557952881e+00</neg_value></_>
      <_>
        <threshold>0</threshold>
        <polarity>1</polarity>
        <pos_value>1.8811546564102173e+00</pos_value>
        <neg_value>-1.8800448179244995e+00</neg_value></_>
      <_>
        <threshold>733</threshold>
        <polarity>1</polarity>
        <pos_value>-2.0202491283416748e+00</pos_value>
        <neg_value>1.6861470937728882e+00</neg_value></_>
      <_>
        <threshold>-2103</threshold>
        <polarity>1</polarity>
        <pos_value>2.0694127082824707e+00</pos_value>
        <neg_value>-1.5736018419265747e+00</neg_value></_>
      <_>
        <threshold>75</threshold>
        <polarity>1</polarity>
        <pos_value>1.9921936988830566e+00</pos_value>
        <neg_value>-1.7367227077484131e+00</neg_value></_>
      <_>
        <threshold>11149</threshold>
        <polarity>1</polarity>
        <pos_value>-1.9417967796325684e+00</pos_value>
        <neg_value>1.8108550310134888e+00</neg_value></_>
      <_>
        <threshold>0</threshold>
        <polarity>1</polarity>
        <pos_value>1.9685752391815186e+00</pos_value>
        <neg_value>-1.7737689018249512e+00</neg_value></_>
      <_>
        <threshold>-1760</threshold>
        <polarity>1</polarity>
        <pos_value>2.0752689838409424e+00</pos_value>
        <neg_value>-1.5574655532836914e+00</neg_value></_>
      <_>
        <threshold>-125</threshold>
        <polarity>1</polarity>
        <pos_value>1.9964797496795654e+00</pos_value>
        <neg_value>-1.7294955253601074e+00</neg_value></_>
      <_>
        <threshold>-2521</threshold>
        <polarity>1</polarity>
        <pos_value>1.9443645477294922e+00</pos_value>
